x: 0.804647 0.524183 0.818853 0.811823 0.827209 0.689412 0.528903 0.863633 0.660393 0.813095
y: 0.581068 0.754731 0.403942 0.700438 0.141446 0.434811 0.256995 0.972643 0.125924 0.503107
r:  3.64750824311316268
ir: 3.64750824311316224
dr: 3.64750824311316268
nr: 3.64750824311316224
rs: 3.64750814437866211
is: 3.64750814437866211
ds: 3.64750814437866211
ns: 3.64750838279724121
